0.000000	1.000000	
0.160750	2.000000	
0.238610	3.000000	
0.316480	4.000000	
0.386020	5.000000	
0.402660	6.000000	
0.463880	7.000000	
0.480520	8.000000	
0.497160	9.000000	
0.541740	10.000000	
0.558380	11.000000	
0.575020	12.000000	
0.591660	13.000000	
0.611280	14.000000	
0.627920	15.000000	
0.644560	16.000000	
0.661200	17.000000	
0.677840	18.000000	
0.694480	19.000000	
0.719440	9.500000	
1.010960	1.000000	
1.019590	2.000000	
1.089130	3.000000	
1.114090	4.000000	
1.175320	4.250000	
1.253180	4.485000	
1.269820	4.708000	
1.286460	4.921000	
1.347680	5.124000	
1.364320	5.319000	
1.425540	5.507000	
1.442180	5.689000	
1.495090	5.864000	
1.511730	6.035000	
1.564630	6.201000	
1.581270	6.362000	
1.597910	6.519000	
1.642490	6.672000	
1.659130	6.822000	
1.675770	6.969000	
1.720350	7.112000	
1.736990	7.253000	
1.753630	7.391000	
1.798220	7.526000	
1.814860	7.659000	
1.831500	7.790000	
1.867760	7.918000	
1.884400	8.044000	
1.901040	8.169000	
1.937300	8.291000	
1.953940	8.412000	
1.970580	8.531000	
1.987220	8.648000	
2.015160	8.763000	
2.031800	8.878000	
2.048440	8.990000	
2.065080	9.101000	
2.093030	9.211000	
2.109670	9.320000	
2.126310	9.427000	
2.142950	9.533000	
2.162570	9.638000	
2.179210	9.742000	
2.195850	9.844000	
2.212490	9.946000	
2.232110	10.047000	
2.248750	10.146000	
2.265390	10.245000	
2.282030	10.342000	
2.301650	10.439000	
2.318290	10.535000	
2.334930	10.630000	
2.351570	10.724000	
2.368210	10.817000	
2.384850	10.910000	
2.401490	11.001000	
2.418130	11.092000	
2.434770	11.182000	
2.451410	11.272000	
2.468050	11.360000	
2.484690	11.448000	
2.501330	11.536000	
2.517970	11.622000	
2.534610	11.708000	
2.551250	11.794000	
2.567890	11.879000	
2.584530	11.963000	
2.601170	12.046000	
2.617810	12.129000	
2.634450	12.212000	
2.651090	12.294000	
2.667730	12.375000	
2.684370	12.456000	
2.701010	12.536000	
2.717650	12.616000	
2.734290	12.695000	
2.750930	12.774000	
2.767570	12.852000	
2.784210	12.930000	
2.800850	13.007000	
2.817490	13.084000	
2.834130	13.161000	
2.850770	13.237000	
2.867410	13.312000	
2.884050	13.387000	
2.900690	13.462000	
2.925650	6.731000	
3.025490	6.880000	
3.061760	7.025000	
3.078400	7.167000	
3.095040	7.307000	
3.139620	7.444000	
3.156260	7.578000	
3.172900	7.710000	
3.209160	7.840000	
3.225800	7.967000	
3.242440	8.093000	
3.278700	8.216000	
3.295340	8.338000	
3.311980	8.458000	
3.328620	8.576000	
3.356560	8.693000	
3.373200	8.808000	
3.389840	8.921000	
3.406480	9.033000	
3.434430	9.144000	
3.451070	9.254000	
3.467710	9.362000	
3.484350	9.468000	
3.503970	9.574000	
3.520610	9.678000	
3.537250	9.782000	
3.553890	9.884000	
3.573510	9.985000	
3.590150	10.085000	
3.606790	10.185000	
3.623430	10.283000	
3.643050	10.380000	
3.659690	10.476000	
3.676330	10.572000	
3.692970	10.666000	
3.709610	10.760000	
3.726250	10.853000	
3.742890	10.945000	
3.759530	11.037000	
3.776170	11.127000	
3.792810	11.217000	
3.809450	11.306000	
3.826090	11.395000	
3.842730	11.482000	
3.859370	11.569000	
3.876010	11.656000	
3.892650	11.742000	
3.909290	11.827000	
3.925930	11.911000	
3.942570	11.995000	
3.959210	12.079000	
3.975850	12.162000	
3.992490	12.244000	
4.009130	12.325000	
4.025770	12.407000	
4.042410	12.487000	
4.059050	12.567000	
4.075690	12.647000	
4.092330	12.726000	
4.108970	12.804000	
4.125610	12.883000	
4.142250	12.960000	
4.158890	13.037000	
4.175530	13.114000	
4.192170	13.190000	
4.208810	13.266000	
4.225450	13.341000	
4.242090	13.416000	
4.258730	13.491000	
4.283690	6.745000	
4.383530	6.894000	
4.419800	7.039000	
4.436440	7.181000	
4.453080	7.320000	
4.497660	7.457000	
4.514300	7.591000	
4.530940	7.723000	
4.567200	7.852000	
4.583840	7.979000	
4.600480	8.105000	
4.636740	8.228000	
4.653380	8.350000	
4.670020	8.469000	
4.686660	8.588000	
4.714610	8.704000	
4.731250	8.819000	
4.747890	8.932000	
4.764530	9.044000	
4.792470	9.155000	
4.809110	9.264000	
4.825750	9.372000	
4.842390	9.479000	
4.862010	9.584000	
4.878650	9.688000	
4.895290	9.792000	
4.911930	9.894000	
4.931550	9.995000	
4.948190	10.095000	
4.964830	10.194000	
4.981470	10.292000	
5.001100	10.389000	
5.017740	10.486000	
5.034380	10.581000	
5.051020	10.675000	
5.067660	10.769000	
5.084300	10.862000	
5.100940	10.954000	
5.117580	11.045000	
5.134220	11.136000	
5.150860	11.226000	
5.167500	11.315000	
5.184140	11.403000	
5.200780	11.491000	
5.217420	11.578000	
5.234060	11.664000	
5.250700	11.750000	
5.267340	11.835000	
5.283980	11.920000	
5.300620	12.003000	
5.317260	12.087000	
5.333900	12.169000	
5.350540	12.252000	
5.367180	12.333000	
5.383820	12.414000	
5.400460	12.495000	
5.417100	12.575000	
5.433740	12.654000	
5.450380	12.733000	
5.467020	12.812000	
5.483660	12.890000	
5.500300	12.968000	
5.516940	13.045000	
5.533580	13.121000	
5.550220	13.198000	
5.566860	13.273000	
5.583500	13.349000	
5.600140	13.424000	
5.616780	13.498000	
5.641740	6.749000	
5.741580	6.897000	
5.777840	7.042000	
5.794480	7.184000	
5.811120	7.323000	
5.855700	7.460000	
5.872340	7.594000	
5.888980	7.726000	
5.925240	7.855000	
5.941880	7.982000	
5.958520	8.108000	
5.994790	8.231000	
6.011430	8.353000	
6.028070	8.472000	
6.044710	8.590000	
6.072650	8.707000	
6.089290	8.822000	
6.105930	8.935000	
6.122570	9.047000	
6.150510	9.157000	
6.167150	9.267000	
6.183790	9.374000	
6.200430	9.481000	
6.220050	9.587000	
6.236690	9.691000	
6.253330	9.794000	
6.269970	9.896000	
6.289600	9.997000	
6.306240	10.097000	
6.322880	10.196000	
6.339520	10.294000	
6.359140	10.392000	
6.375780	10.488000	
6.392420	10.583000	
6.409060	10.678000	
6.425700	10.771000	
6.442340	10.864000	
6.458980	10.956000	
6.475620	11.047000	
6.492260	11.138000	
6.508900	11.228000	
6.525540	11.317000	
6.542180	11.405000	
6.558820	11.493000	
6.575460	11.580000	
6.592100	11.666000	
6.608740	11.752000	
6.625380	11.837000	
6.642020	11.922000	
6.658660	12.005000	
6.675300	12.089000	
6.691940	12.171000	
6.708580	12.254000	
6.725220	12.335000	
6.741860	12.416000	
6.758500	12.497000	
6.775140	12.577000	
6.791780	12.656000	
6.808420	12.735000	
6.825060	12.814000	
6.841700	12.892000	
6.858340	12.969000	
6.874980	13.047000	
6.891620	13.123000	
6.908260	13.199000	
6.924900	13.275000	
6.941540	13.351000	
6.958180	13.425000	
6.974820	13.500000	
6.999780	6.750000	
7.099620	6.898000	
7.135880	7.043000	
7.152520	7.185000	
7.169160	7.324000	
7.213740	7.461000	
7.230380	7.595000	
7.247020	7.726000	
7.283280	7.856000	
7.299920	7.983000	
7.316560	8.108000	
7.352830	8.232000	
7.369470	8.353000	
7.386110	8.473000	
7.402750	8.591000	
7.430690	8.707000	
7.447330	8.822000	
7.463970	8.936000	
7.480610	9.047000	
7.508550	9.158000	
7.525190	9.267000	
7.541830	9.375000	
7.558470	9.482000	
7.578090	9.587000	
7.594730	9.692000	
7.611370	9.795000	
7.628010	9.897000	
7.647640	9.998000	
7.664280	10.098000	
7.680920	10.197000	
7.697560	10.295000	
7.717180	10.392000	
7.733820	10.488000	
7.750460	10.584000	
7.767100	10.678000	
7.783740	10.772000	
7.800380	10.865000	
7.817020	10.957000	
7.833660	11.048000	
7.850300	11.139000	
7.866940	11.228000	
7.883580	11.317000	
7.900220	11.406000	
7.916860	11.493000	
7.933500	11.580000	
7.950140	11.667000	
7.966780	11.752000	
7.983420	11.838000	
8.000060	11.922000	
8.016700	12.006000	
8.033340	12.089000	
8.049980	12.172000	
8.066620	12.254000	
8.083260	12.336000	
8.099900	12.417000	
8.116540	12.497000	
8.133180	12.577000	
8.149820	12.657000	
8.166460	12.736000	
8.183100	12.814000	
8.199740	12.892000	
8.216380	12.970000	
8.233020	13.047000	
8.249660	13.124000	
8.266300	13.200000	
8.282940	13.276000	
8.299580	13.351000	
8.316220	13.426000	
8.332860	13.500000	
8.357820	6.750000	
8.457660	6.898000	
8.493920	7.043000	
8.510560	7.185000	
8.527200	7.324000	
8.571780	7.461000	
8.588420	7.595000	
8.605060	7.727000	
8.641330	7.856000	
8.657970	7.983000	
8.674610	8.109000	
8.710870	8.232000	
8.727510	8.353000	
8.744150	8.473000	
8.760790	8.591000	
8.788730	8.708000	
8.805370	8.822000	
8.822010	8.936000	
8.838650	9.048000	
8.866590	9.158000	
8.883230	9.267000	
8.899870	9.375000	
8.916510	9.482000	
8.936140	9.587000	
8.952780	9.692000	
8.969420	9.795000	
8.986060	9.897000	
9.005680	9.998000	
9.022320	10.098000	
9.038960	10.197000	
9.055600	10.295000	
9.075220	10.392000	
9.091860	10.489000	
9.108500	10.584000	
9.125140	10.678000	
9.141780	10.772000	
9.158420	10.865000	
9.175060	10.957000	
9.191700	11.048000	
9.208340	11.139000	
9.224980	11.228000	
9.241620	11.317000	
9.258260	11.406000	
9.274900	11.494000	
9.291540	11.581000	
9.308180	11.667000	
9.324820	11.753000	
9.341460	11.838000	
9.358100	11.922000	
9.374740	12.006000	
9.391380	12.089000	
9.408020	12.172000	
9.424660	12.254000	
9.441300	12.336000	
9.457940	12.417000	
9.474580	12.497000	
9.491220	12.577000	
9.507860	12.657000	
9.524500	12.736000	
9.541140	12.814000	
9.557780	12.892000	
9.574420	12.970000	
9.591060	13.047000	
9.607700	13.124000	
9.624340	13.200000	
9.640980	13.276000	
9.657620	13.351000	
9.674260	13.426000	
9.690900	13.500000	
9.715860	6.750000	
9.815700	6.898000	
9.851960	7.043000	
9.868600	7.185000	
9.885240	7.324000	
9.929830	7.461000	
9.946470	7.595000	
9.963110	7.727000	
9.999370	7.856000	
10.016010	7.983000	
10.032650	8.109000	
10.068910	8.232000	
10.085550	8.353000	
10.102190	8.473000	
10.118830	8.591000	
10.146770	8.708000	
10.163410	8.822000	
10.180050	8.936000	
10.196690	9.048000	
10.224640	9.158000	
10.241280	9.267000	
10.257920	9.375000	
10.274560	9.482000	
10.294180	9.587000	
10.310820	9.692000	
10.327460	9.795000	
10.344100	9.897000	
10.363720	9.998000	
10.380360	10.098000	
10.397000	10.197000	
10.413640	10.295000	
10.433260	10.392000	
10.449900	10.489000	
10.466540	10.584000	
10.483180	10.678000	
10.499820	10.772000	
10.516460	10.865000	
10.533100	10.957000	
10.549740	11.048000	
10.566380	11.139000	
10.583020	11.228000	
10.599660	11.318000	
10.616300	11.406000	
10.632940	11.494000	
10.649580	11.581000	
10.666220	11.667000	
10.682860	11.753000	
10.699500	11.838000	
10.716140	11.922000	
10.732780	12.006000	
10.749420	12.089000	
10.766060	12.172000	
10.782700	12.254000	
10.799340	12.336000	
10.815980	12.417000	
10.832620	12.497000	
10.849260	12.577000	
10.865900	12.657000	
10.882540	12.736000	
10.899180	12.814000	
10.915820	12.893000	
10.932460	12.970000	
10.949100	13.047000	
10.965740	13.124000	
10.982380	13.200000	
10.999020	13.276000	
11.015660	13.351000	
11.032300	13.426000	
11.048940	13.500000	
11.073900	6.750000	
11.173740	6.898000	
11.210000	7.043000	
11.226640	7.185000	
11.243280	7.324000	
11.287870	7.461000	
11.304510	7.595000	
11.321150	7.727000	
11.357410	7.856000	
11.374050	7.983000	
11.390690	8.109000	
11.426950	8.232000	
11.443590	8.353000	
11.460230	8.473000	
11.476870	8.591000	
11.504810	8.708000	
11.521450	8.822000	
11.538090	8.936000	
11.554730	9.048000	
11.582680	9.158000	
11.599320	9.267000	
11.615960	9.375000	
11.632600	9.482000	
11.652220	9.587000	
11.668860	9.692000	
11.685500	9.795000	
11.702140	9.897000	
11.721760	9.998000	
11.738400	10.098000	
11.755040	10.197000	
11.771680	10.295000	
11.791300	10.392000	
11.807940	10.489000	
11.824580	10.584000	
11.841220	10.678000	
11.857860	10.772000	
11.874500	10.865000	
11.891140	10.957000	
11.907780	11.048000	
11.924420	11.139000	
11.941060	11.228000	
11.957700	11.318000	
11.974340	11.406000	
11.990980	11.494000	
12.007620	11.581000	
12.024260	11.667000	
12.040900	11.753000	
12.057540	11.838000	
12.074180	11.922000	
12.090820	12.006000	
12.107460	12.089000	
12.124100	12.172000	
12.140740	12.254000	
12.157380	12.336000	
12.174020	12.417000	
12.190660	12.497000	
12.207300	12.577000	
12.223940	12.657000	
12.240580	12.736000	
12.257220	12.814000	
12.273860	12.893000	
12.290500	12.970000	
12.307140	13.047000	
12.323780	13.124000	
12.340420	13.200000	
12.357060	13.276000	
12.373700	13.351000	
12.390340	13.426000	
12.406980	13.500000	
12.431940	6.750000	
12.531780	6.898000	
12.568050	7.043000	
12.584690	7.185000	
12.601330	7.324000	
12.645910	7.461000	
12.662550	7.595000	
12.679190	7.727000	
12.715450	7.856000	
12.732090	7.983000	
12.748730	8.109000	
12.784990	8.232000	
12.801630	8.353000	
