0.000000	1.000000	
0.143160	2.000000	
0.206600	3.000000	
0.271950	4.000000	
0.330000	5.000000	
0.343710	6.000000	
0.423780	7.000000	
0.424090	8.000000	
0.587900	9.000000	
0.699260	4.500000	
0.816090	4.722000	
0.866180	4.934000	
0.878660	5.137000	
0.931280	5.331000	
0.999770	5.519000	
1.032100	5.700000	
1.066640	5.876000	
1.134360	6.046000	
1.134660	6.211000	
1.223760	6.372000	
1.224070	6.529000	
1.224370	6.682000	
1.287300	6.832000	
1.354020	6.978000	
1.367030	7.122000	
1.413260	7.262000	
1.442500	3.631000	
1.505890	3.906000	
1.577470	4.162000	
1.641140	4.403000	
1.655020	4.630000	
1.709120	4.846000	
1.763880	5.052000	
1.782490	5.250000	
1.836220	5.441000	
1.845760	5.624000	
1.893540	5.802000	
1.910010	5.974000	
1.949730	6.142000	
2.017840	6.305000	
2.033450	6.463000	
2.050090	6.618000	
2.100130	6.769000	
2.144020	6.917000	
2.160660	7.061000	
2.360660	1.000000	
2.363820	2.000000	
2.364120	3.000000	
2.364430	3.333000	
2.416200	3.633000	
2.465700	3.909000	
2.483060	4.164000	
2.539150	4.405000	
2.554820	4.632000	
2.602590	4.847000	
2.623350	5.054000	
2.676900	5.252000	
2.690620	5.442000	
2.738920	5.626000	
2.751860	5.804000	
2.819240	5.976000	
2.819540	6.143000	
2.875780	6.306000	
2.909710	6.465000	
2.926350	6.619000	
2.942990	6.770000	
2.973150	6.918000	
2.989790	7.063000	
3.006620	7.204000	
3.038320	7.343000	
3.056480	7.479000	
3.144310	7.613000	
3.144620	7.744000	
3.153110	7.873000	
3.199520	8.000000	
3.216160	8.125000	
3.241980	8.248000	
3.283400	4.124000	
3.347550	4.367000	
3.386030	4.596000	
3.408330	4.813000	
3.451820	5.021000	
3.471930	5.220000	
3.515420	5.412000	
3.534620	5.597000	
3.574250	5.775000	
3.626060	5.948000	
3.636570	6.117000	
3.682510	6.280000	
3.711820	6.439000	
3.725850	6.595000	
3.748930	6.746000	
3.798550	6.894000	
3.816010	7.039000	
3.883820	7.182000	
3.940430	3.591000	
4.007020	3.869000	
4.087200	4.128000	
4.143220	4.370000	
4.159370	4.599000	
4.206660	4.816000	
4.239690	5.024000	
4.274010	5.223000	
4.306460	5.414000	
4.335760	5.599000	
4.364250	5.778000	
4.395180	5.951000	
4.452200	6.119000	
4.452500	6.282000	
4.523390	6.441000	
4.538440	6.597000	
4.569040	6.748000	
4.596260	6.896000	
4.609360	7.041000	
4.676690	7.183000	
4.677000	7.323000	
4.683220	7.459000	
4.740680	7.593000	
4.748450	7.725000	
4.765270	7.854000	
4.898050	3.927000	
5.098050	1.000000	
5.129000	2.000000	
5.167300	2.500000	
5.194730	2.900000	
5.233210	3.245000	
5.299600	3.553000	
5.354720	3.834000	
5.419910	4.095000	
5.475030	4.339000	
5.496860	4.570000	
5.549490	4.789000	
5.560300	4.998000	
5.616570	5.198000	
5.629570	5.390000	
5.714520	5.576000	
5.714820	5.755000	
5.770160	5.929000	
5.970160	1.000000	
6.120110	2.000000	
6.120410	2.500000	
6.120720	2.900000	
6.201250	3.245000	
6.240510	3.553000	
6.417900	1.777000	
6.473530	2.777000	
6.540110	3.137000	
6.615880	3.455000	
6.675670	3.745000	
6.730790	4.012000	
6.817250	4.261000	
6.817550	4.496000	
6.884760	4.718000	
6.901320	4.930000	
6.952160	5.133000	
6.968800	5.328000	
7.015600	5.516000	
7.032240	5.697000	
7.074950	5.872000	
7.087360	6.043000	
7.135550	6.208000	
7.154560	6.369000	
7.164740	6.526000	
7.198990	6.679000	
7.237800	6.829000	
7.238430	6.976000	
7.296680	7.119000	
7.309000	7.259000	
7.346010	7.397000	
7.364670	7.532000	
7.378940	7.665000	
7.431890	3.833000	
7.509580	4.093000	
7.576830	4.338000	
7.595160	4.568000	
7.644980	4.787000	
7.692080	4.996000	
7.709180	5.196000	
7.770450	5.389000	
7.788740	5.574000	
7.837160	5.754000	
7.862300	5.927000	
7.903860	6.096000	
7.966240	6.260000	
7.982880	6.420000	
8.021360	6.576000	
8.047430	3.288000	
8.105610	3.592000	
8.163260	3.870000	
8.225580	4.129000	
8.308180	4.371000	
8.308480	4.600000	
8.371620	4.817000	
8.395810	5.025000	
8.456980	5.224000	
8.508590	5.415000	
8.527710	5.600000	
8.567860	5.778000	
8.586650	5.952000	
8.627060	6.120000	
8.665820	6.283000	
8.706400	6.442000	
8.706710	6.597000	
8.755320	6.749000	
8.779350	6.897000	
8.789110	7.042000	
8.837670	7.184000	
8.854310	7.323000	
8.870950	7.460000	
8.961900	3.730000	
9.027500	3.998000	
9.086410	4.248000	
9.141530	4.484000	
9.160560	4.707000	
9.204970	4.919000	
9.226740	5.122000	
9.273640	5.318000	
9.291350	5.506000	
9.332720	5.687000	
9.351250	5.863000	
9.393670	6.034000	
9.410970	6.199000	
9.458660	6.361000	
9.466380	6.518000	
9.498190	6.671000	
9.553430	6.821000	
9.553730	6.968000	
9.586550	7.111000	
9.620320	7.252000	
9.635040	7.390000	
9.653470	7.525000	
9.685830	7.658000	
9.717650	7.789000	
9.717950	7.917000	
9.909670	8.043000	
9.909970	8.168000	
9.910280	8.290000	
9.947790	8.411000	
9.976300	8.530000	
9.992940	8.647000	
10.058910	8.763000	
