0.000000	1.000000	
0.243160	2.000000	
0.305080	3.000000	
0.306600	4.000000	
0.363060	5.000000	
0.372570	6.000000	
0.377140	7.000000	
0.387720	8.000000	
0.419860	9.000000	
0.426500	10.000000	
0.434820	11.000000	
0.473640	12.000000	
0.473940	13.000000	
0.474250	14.000000	
0.474620	15.000000	
0.476420	16.000000	
0.484740	17.000000	
0.493060	18.000000	
0.503410	19.000000	
0.512310	20.000000	
0.578420	20.050000	
0.578730	20.100000	
0.579030	20.150000	
0.579340	20.199000	
0.579640	20.249000	
0.579940	20.298000	
0.580250	20.347000	
0.580550	20.397000	
0.584580	20.446000	
0.592900	20.494000	
0.645580	1.000000	
0.714130	2.000000	
0.769250	3.000000	
0.824620	4.000000	
0.841260	5.000000	
0.879740	6.000000	
0.940500	7.000000	
0.955080	8.000000	
0.980700	9.000000	
0.981000	10.000000	
0.981300	10.100000	
0.994040	10.199000	
0.999000	10.297000	
1.005620	10.394000	
1.014520	10.490000	
1.032400	10.586000	
1.037450	10.680000	
1.050690	10.774000	
1.056690	10.867000	
1.067340	10.959000	
1.069100	11.050000	
1.083820	11.140000	
1.085740	11.230000	
1.095570	11.319000	
1.115420	11.408000	
1.115790	11.495000	
1.120890	11.582000	
1.127340	11.669000	
1.135660	11.754000	
1.154330	11.839000	
1.159030	11.924000	
1.160620	12.008000	
1.170190	12.091000	
1.185060	12.174000	
1.185580	12.256000	
1.195840	12.337000	
1.232040	12.418000	
1.232340	12.499000	
1.235500	1.000000	
1.329350	2.000000	
1.384470	3.000000	
1.400160	4.000000	
1.442200	5.000000	
1.447910	6.000000	
1.456230	6.167000	
1.466790	6.329000	
1.497600	6.487000	
1.510780	6.641000	
1.522130	6.792000	
1.547780	6.939000	
1.548080	7.083000	
1.548380	7.224000	
1.552720	7.363000	
1.577030	7.498000	
1.590650	7.632000	
1.605890	7.763000	
1.616220	7.892000	
1.621250	8.018000	
1.630420	8.143000	
1.636180	8.266000	
1.645840	8.387000	
1.655320	8.506000	
1.661140	8.624000	
1.674240	8.740000	
1.683950	8.854000	
1.693130	8.967000	
1.698770	9.078000	
1.709640	9.189000	
1.713340	9.297000	
1.728470	9.405000	
1.753640	9.511000	
1.753940	9.616000	
1.754240	9.720000	
1.754940	9.823000	
1.763260	9.925000	
1.771580	10.026000	
1.783700	10.126000	
1.797910	10.224000	
1.798210	10.322000	
1.812780	10.419000	
1.818400	10.515000	
1.836530	10.610000	
1.851440	10.704000	
1.861070	10.798000	
1.865800	10.890000	
1.895660	10.982000	
1.895970	11.073000	
1.896270	11.164000	
1.898840	11.253000	
1.907160	11.342000	
1.918130	11.430000	
1.927430	11.518000	
1.954310	11.605000	
1.954610	11.691000	
1.954920	11.776000	
1.957080	11.861000	
1.965400	11.945000	
2.030330	12.029000	
2.030640	12.112000	
2.030940	12.195000	
2.031240	12.277000	
2.031550	12.358000	
2.031850	12.439000	
2.032160	12.520000	
2.042440	12.599000	
2.047510	12.679000	
2.144800	12.758000	
2.145100	12.836000	
2.145410	12.914000	
2.145710	12.991000	
2.146020	13.068000	
2.146320	13.145000	
2.146620	13.221000	
2.146930	13.297000	
2.147230	13.372000	
2.147540	13.447000	
2.152610	13.521000	
2.160960	13.595000	
2.209160	13.669000	
2.218070	13.742000	
2.227040	13.814000	
2.236340	13.887000	
2.242600	13.959000	
2.251570	14.031000	
2.260870	14.102000	
2.275240	14.173000	
2.275550	14.243000	
2.304110	1.000000	
2.385250	2.000000	
2.445690	3.000000	
2.500860	4.000000	
2.555980	5.000000	
2.572620	6.000000	
2.584330	7.000000	
2.598690	7.143000	
2.598990	7.283000	
2.636850	7.420000	
2.637150	7.555000	
2.637460	7.687000	
2.647940	7.817000	
2.656780	7.945000	
2.665700	8.071000	
2.670390	8.195000	
2.695720	8.317000	
2.708970	8.437000	
2.709270	8.556000	
2.719810	8.673000	
2.725250	8.788000	
2.738410	8.902000	
2.744340	9.014000	
2.750210	9.125000	
2.758530	9.235000	
2.768270	9.343000	
2.777900	9.450000	
2.787640	9.556000	
2.792280	9.660000	
2.819850	9.764000	
2.820150	9.866000	
2.825650	9.968000	
2.833970	10.068000	
3.004730	10.167000	
3.005040	10.266000	
3.005340	10.363000	
3.005640	10.460000	
3.005950	10.555000	
3.006250	10.650000	
3.006930	10.744000	
3.007240	10.837000	
3.007540	10.929000	
3.007840	11.021000	
3.062020	11.111000	
3.070920	11.201000	
3.079830	11.291000	
3.088810	11.379000	
3.098810	11.467000	
3.108060	11.554000	
3.128200	11.641000	
3.135100	11.727000	
3.135400	11.812000	
3.135700	11.897000	
3.164280	1.000000	
3.311410	2.000000	
3.375140	3.000000	
3.375440	4.000000	
3.432920	5.000000	
3.438580	5.200000	
3.446900	5.392000	
3.471620	5.578000	
3.488040	5.757000	
3.500480	5.931000	
3.505060	6.099000	
3.513000	6.263000	
3.529650	6.423000	
3.543720	6.579000	
3.563480	6.731000	
3.563920	6.879000	
3.572240	7.025000	
3.580560	7.167000	
3.592340	7.306000	
3.606550	7.443000	
3.620510	7.578000	
3.631080	7.710000	
3.635240	7.839000	
3.645040	7.967000	
3.696410	8.092000	
3.696720	8.216000	
3.697020	8.338000	
3.697320	8.458000	
3.697630	8.576000	
3.698420	8.693000	
3.711510	8.808000	
3.753580	8.921000	
3.786180	9.033000	
3.786480	9.144000	
3.786780	9.253000	
3.787090	9.361000	
3.793130	9.468000	
3.801450	9.574000	
3.816320	9.678000	
3.821100	9.782000	
3.843920	9.884000	
3.878960	9.985000	
3.879270	10.085000	
3.879570	10.184000	
3.879880	10.282000	
3.882900	10.380000	
3.891220	10.476000	
3.959500	10.572000	
3.959800	10.666000	
3.960100	10.760000	
3.961310	10.853000	
3.961690	10.945000	
3.961990	11.036000	
3.962300	11.127000	
3.971750	11.217000	
3.977060	11.306000	
3.988350	11.394000	
4.039720	11.482000	
4.040020	11.569000	
4.040330	11.656000	
4.040630	11.741000	
4.047900	11.827000	
4.056220	11.911000	
4.088050	11.995000	
4.088350	12.079000	
4.088660	12.161000	
4.106140	1.000000	
4.201900	2.000000	
4.257020	3.000000	
4.269130	4.000000	
4.312140	5.000000	
4.320460	6.000000	
4.335390	6.167000	
4.341190	6.329000	
4.373670	6.487000	
4.379710	6.641000	
4.399750	6.792000	
4.404390	6.939000	
4.404700	7.083000	
4.412990	7.224000	
4.446470	7.363000	
4.446780	7.498000	
4.454870	7.632000	
4.463800	7.763000	
4.482040	7.892000	
4.482340	8.018000	
4.491730	8.143000	
4.504970	8.266000	
4.522620	8.387000	
4.522930	8.506000	
4.529820	8.624000	
4.540140	8.740000	
4.548460	8.854000	
4.558650	8.967000	
4.567490	9.078000	
4.609670	9.189000	
4.609980	9.297000	
4.610280	9.405000	
4.612520	9.511000	
4.625050	9.616000	
4.629160	9.720000	
4.639380	9.823000	
4.672100	9.925000	
4.672400	10.026000	
4.672700	10.126000	
4.677980	10.224000	
4.686300	10.322000	
4.745510	10.419000	
4.745810	10.515000	
4.746120	10.610000	
4.746420	10.704000	
4.746720	10.798000	
4.758270	10.890000	
4.787760	10.982000	
4.788140	11.073000	
4.788520	11.164000	
4.794380	11.253000	
4.833520	11.342000	
4.833830	11.430000	
4.834130	11.518000	
4.834440	11.605000	
4.838050	11.691000	
4.847550	11.776000	
4.858120	11.861000	
4.867350	11.945000	
4.891880	12.029000	
4.892180	12.112000	
4.892480	12.195000	
4.896290	12.277000	
4.904610	12.358000	
4.916470	12.439000	
4.921250	12.520000	
4.963260	12.599000	
4.963570	12.679000	
4.963870	12.758000	
4.964180	12.836000	
4.964480	12.914000	
4.971170	12.991000	
4.979490	13.068000	
5.023100	13.145000	
5.023400	13.221000	
5.023700	13.297000	
5.029410	1.000000	
5.129300	2.000000	
5.193300	3.000000	
5.202620	4.000000	
5.248420	5.000000	
5.266410	6.000000	
5.266710	6.167000	
5.277210	6.329000	
5.304180	6.487000	
5.311860	6.641000	
5.324190	6.792000	
5.337760	6.939000	
5.338170	7.083000	
5.348720	7.224000	
5.362360	7.363000	
5.389890	7.498000	
5.390190	7.632000	
5.392880	7.763000	
5.401200	7.892000	
5.409520	8.018000	
5.420490	8.143000	
5.429530	8.266000	
5.445010	8.387000	
5.463040	8.506000	
5.463340	8.624000	
5.469970	8.740000	
5.478290	8.854000	
5.487630	8.967000	
5.497370	9.078000	
5.506600	9.189000	
5.515650	9.297000	
5.521450	9.405000	
5.531260	9.511000	
5.540170	9.616000	
5.544850	9.720000	
5.555790	9.823000	
5.564880	9.925000	
5.574160	10.026000	
5.579260	10.126000	
5.588160	10.224000	
5.597790	10.322000	
5.611550	10.419000	
5.616260	10.515000	
5.622320	10.610000	
5.628350	10.704000	
5.645960	10.798000	
5.646260	10.890000	
5.655430	10.982000	
5.661630	11.073000	
5.671520	11.164000	
5.680440	11.253000	
5.716090	11.342000	
5.716390	11.430000	
5.716700	11.518000	
5.717000	11.605000	
5.719870	11.691000	
5.728190	11.776000	
5.779330	11.861000	
5.779630	11.945000	
5.779940	12.029000	
5.780240	12.112000	
5.780540	12.195000	
5.780850	12.277000	
5.786430	12.358000	
5.798950	12.439000	
5.855710	12.520000	
5.856020	12.599000	
5.856390	12.679000	
5.856700	12.758000	
5.857000	12.836000	
5.857300	12.914000	
5.859410	12.991000	
5.867730	13.068000	
5.880300	13.145000	
5.885850	13.221000	
5.895800	13.297000	
5.950790	13.372000	
5.951100	13.447000	
5.951400	13.521000	
5.951700	13.595000	
5.952010	13.669000	
5.952310	13.742000	
5.952690	13.814000	
5.960750	13.887000	
5.969070	13.959000	
6.018720	14.031000	
6.019020	14.102000	
6.019940	1.000000	
6.122390	2.000000	
6.203050	3.000000	
6.211370	4.000000	
6.258170	5.000000	
6.266490	6.000000	
6.274810	7.000000	
6.287100	7.143000	
6.313290	7.283000	
6.321610	7.420000	
6.329930	7.555000	
6.338250	7.687000	
6.346570	7.817000	
6.354890	7.945000	
6.363210	8.071000	
6.371530	8.195000	
6.379850	8.317000	
6.404900	8.437000	
6.405200	8.556000	
6.405510	8.673000	
6.413130	8.788000	
6.422160	8.902000	
6.453480	9.014000	
6.453780	9.125000	
6.454090	9.235000	
6.460020	9.343000	
6.468340	9.450000	
6.529930	9.556000	
6.530240	9.660000	
6.530540	9.764000	
6.530840	9.866000	
6.531150	9.968000	
6.531450	10.068000	
6.533660	10.167000	
6.541980	10.266000	
6.555940	10.363000	
6.589310	10.460000	
6.621080	10.555000	
6.621390	10.650000	
6.621690	10.744000	
6.622000	10.837000	
6.627320	10.929000	
6.635640	11.021000	
6.742500	11.111000	
6.742810	11.201000	
6.743110	11.291000	
6.743420	11.379000	
6.743720	11.467000	
6.744020	11.554000	
6.744330	11.641000	
6.744630	11.727000	
6.744940	11.812000	
6.745240	11.897000	
6.745540	11.981000	
6.799000	12.064000	
6.813150	12.147000	
6.815350	12.230000	
6.827800	12.311000	
6.831990	12.393000	
6.855530	12.473000	
6.855840	12.553000	
6.856950	12.633000	
6.871040	12.712000	
6.890230	1.000000	
6.976760	2.000000	
7.032550	3.000000	
7.092020	4.000000	
7.103740	5.000000	
7.117640	6.000000	
7.117950	6.167000	
7.183760	6.329000	
7.184060	6.487000	
7.184360	6.641000	
7.184670	6.792000	
7.189330	6.939000	
7.195080	7.083000	
7.238880	7.224000	
7.247200	7.363000	
7.257710	7.498000	
7.271830	7.632000	
7.276470	7.763000	
7.282560	7.892000	
7.302350	8.018000	
7.302650	8.143000	
7.307550	8.266000	
7.315320	8.387000	
7.339960	8.506000	
7.340260	8.624000	
7.345060	8.740000	
7.378630	8.854000	
7.383900	8.967000	
7.413450	9.078000	
7.413750	9.189000	
7.414060	9.297000	
7.421150	9.405000	
7.425730	9.511000	
7.437740	9.616000	
7.476080	9.720000	
7.476380	9.823000	
7.476690	9.925000	
7.483220	10.026000	
7.491540	10.126000	
7.500670	10.224000	
7.527740	10.322000	
7.528040	10.419000	
7.528350	10.515000	
7.546880	10.610000	
7.547180	10.704000	
7.561200	10.798000	
7.561500	10.890000	
7.566420	10.982000	
7.576320	11.073000	
7.586180	11.164000	
7.595470	11.253000	
7.600910	11.342000	
7.610470	11.430000	
7.637080	11.518000	
7.637380	11.605000	
7.637760	11.691000	
7.641300	11.776000	
7.652320	11.861000	
7.691020	11.945000	
7.691710	12.029000	
7.692390	12.112000	
7.692700	12.195000	
7.693000	12.277000	
7.699540	12.358000	
7.707860	12.439000	
7.755440	12.520000	
7.755750	12.599000	
7.756050	12.679000	
7.756360	12.758000	
7.756660	12.836000	
7.828220	12.914000	
7.828520	12.991000	
7.828830	13.068000	
7.829130	13.145000	
7.829440	13.221000	
7.829740	13.297000	
7.830040	13.372000	
7.833440	13.447000	
7.841760	13.521000	
7.852810	13.595000	
8.046160	13.669000	
8.049580	1.000000	
8.134470	2.000000	
8.192060	3.000000	
8.197910	4.000000	
8.259350	5.000000	
8.259660	6.000000	
8.263820	6.167000	
8.272140	6.329000	
8.314470	6.487000	
8.322790	6.641000	
8.362480	6.792000	
8.362780	6.939000	
8.363090	7.083000	
8.363390	7.224000	
8.373380	7.363000	
8.413030	7.498000	
8.418720	7.632000	
8.427690	7.763000	
8.445600	7.892000	
8.445900	8.018000	
8.452220	8.143000	
8.459200	8.266000	
8.475030	8.387000	
8.480170	8.506000	
8.489410	8.624000	
8.503110	8.740000	
8.509040	8.854000	
8.517360	8.967000	
8.528020	9.078000	
8.537590	9.189000	
8.546430	9.297000	
8.562060	9.405000	
8.562690	9.511000	
8.577020	9.616000	
8.577330	9.720000	
8.618600	9.823000	
8.618900	9.925000	
8.619200	10.026000	
8.619510	10.126000	
8.619810	10.224000	
8.625520	10.322000	
8.633840	10.419000	
8.643190	10.515000	
8.653000	10.610000	
8.675310	10.704000	
8.716300	10.798000	
8.716600	10.890000	
8.716900	10.982000	
8.717630	11.073000	
8.725950	11.164000	
8.739920	11.253000	
8.744560	11.342000	
8.754950	11.430000	
8.760420	11.518000	
8.866460	11.605000	
8.866760	11.691000	
8.867070	11.776000	
8.867370	11.861000	
8.867680	11.945000	
8.867980	12.029000	
8.868280	12.112000	
8.868590	12.195000	
8.868890	12.277000	
8.869200	12.358000	
8.869500	12.439000	
8.922910	12.520000	
8.950000	12.599000	
8.950310	12.679000	
8.950610	12.758000	
8.957320	12.836000	
8.963180	12.914000	
9.008200	12.991000	
9.008500	13.068000	
9.008810	13.145000	
9.009110	13.221000	
9.009420	13.297000	
9.076360	1.000000	
9.131770	2.000000	
9.189350	3.000000	
9.195210	4.000000	
9.244470	5.000000	
9.258290	6.000000	
9.262870	6.167000	
9.273330	6.329000	
9.302190	6.487000	
9.307910	6.641000	
9.320140	6.792000	
9.326720	6.939000	
9.333030	7.083000	
9.344670	7.224000	
9.357320	7.363000	
9.366880	7.498000	
9.395000	7.632000	
9.395630	7.763000	
9.397080	7.892000	
9.405400	8.018000	
9.413720	8.143000	
9.467450	8.266000	
9.467750	8.387000	
9.468060	8.506000	
9.471660	8.624000	
9.483580	8.740000	
9.591120	8.854000	
9.591430	8.967000	
9.591730	9.078000	
9.592040	9.189000	
9.592340	9.297000	
9.592640	9.405000	
9.592950	9.511000	
9.593250	9.616000	
9.659960	9.720000	
9.665040	9.823000	
9.724900	9.925000	
9.725200	10.026000	
9.725500	10.126000	
9.725810	10.224000	
9.726110	10.322000	
9.729520	10.419000	
9.737840	10.515000	
9.747330	10.610000	
9.756830	10.704000	
9.794070	10.798000	
9.794380	10.890000	
9.799340	10.982000	
9.808500	11.073000	
9.828430	11.164000	
9.828740	11.253000	
9.837650	11.342000	
9.840940	11.430000	
9.853350	11.518000	
9.858780	11.605000	
9.867940	11.691000	
9.877880	11.776000	
9.883300	11.861000	
9.892470	11.945000	
9.902410	12.029000	
9.907830	12.112000	
9.917000	12.195000	
9.927840	12.277000	
9.953270	1.000000	
10.106930	2.000000	
10.164900	3.000000	
10.171840	4.000000	
10.223200	5.000000	
10.241070	6.000000	
10.241380	6.167000	
10.252130	6.329000	
10.279040	6.487000	
10.287880	6.641000	
10.296190	6.792000	
10.307970	6.939000	
10.323960	7.083000	
10.324260	7.224000	
10.366150	7.363000	
10.366450	7.498000	
10.366760	7.632000	
10.369640	7.763000	
10.379080	7.892000	
10.409110	8.018000	
10.409410	8.143000	
10.434690	8.266000	
10.435070	8.387000	
10.437910	8.506000	
10.451780	8.624000	
10.454550	8.740000	
10.477060	8.854000	
10.481700	8.967000	
10.489720	9.078000	
10.501590	9.189000	
10.506360	9.297000	
10.516640	9.405000	
10.526450	9.511000	
10.531320	9.616000	
10.561780	9.720000	
10.562410	9.823000	
10.567580	9.925000	
10.581280	10.026000	
10.611500	10.126000	
10.611800	10.224000	
10.612110	10.322000	
10.612410	10.419000	
10.617880	10.515000	
10.626920	10.610000	
10.668070	10.704000	
10.668380	10.798000	
10.668680	10.890000	
10.668980	10.982000	
10.670760	11.073000	
10.679080	11.164000	
10.687400	11.253000	
10.701330	11.342000	
10.759030	11.430000	
10.759720	11.518000	
10.760360	11.605000	
10.760990	11.691000	
10.767030	11.776000	
10.776440	11.861000	
10.837680	11.945000	
10.837990	12.029000	
10.838290	12.112000	
10.838600	12.195000	
10.838900	12.277000	
10.839200	12.358000	
10.845200	12.439000	
10.853520	12.520000	
10.914200	12.599000	
10.914500	12.679000	
10.914800	12.758000	
10.915110	12.836000	
10.915410	12.914000	
10.917920	12.991000	
10.926240	13.068000	
11.010810	13.145000	
11.011120	13.221000	
11.011420	13.297000	
11.011720	13.372000	
11.012030	13.447000	
11.012330	13.521000	
11.012640	13.595000	
11.012940	13.669000	
11.013240	13.742000	
11.013550	13.814000	
11.017760	13.887000	
11.026080	13.959000	
11.035400	14.031000	
11.099580	14.102000	
11.099880	14.173000	
11.100190	14.243000	
11.100490	14.313000	
11.100800	14.383000	
11.107530	14.453000	
11.115850	14.522000	
11.129280	14.591000	
11.134820	14.659000	
11.144520	14.728000	
11.162600	14.796000	
11.174090	1.000000	
11.282450	2.000000	
11.340100	3.000000	
11.395220	4.000000	
11.457740	5.000000	
11.469190	6.000000	
11.478160	7.000000	
11.482940	7.143000	
11.518220	7.283000	
11.518530	7.420000	
11.528400	7.555000	
11.532630	7.687000	
11.544150	7.817000	
11.564540	7.945000	
11.564840	8.071000	
11.579320	8.195000	
11.587710	8.317000	
11.601020	8.437000	
11.612300	8.556000	
11.617580	8.673000	
11.628470	8.788000	
11.638810	8.902000	
11.647990	9.014000	
11.657740	9.125000	
11.662960	9.235000	
11.667800	9.343000	
11.676920	9.450000	
11.687490	9.556000	
11.692900	9.660000	
11.701450	9.764000	
11.733570	9.866000	
11.733870	9.968000	
11.734180	10.068000	
11.734500	10.167000	
11.755230	10.266000	
11.755600	10.363000	
11.778320	10.460000	
11.789300	10.555000	
11.793340	10.650000	
11.806110	10.744000	
11.820090	10.837000	
11.820390	10.929000	
11.836860	11.021000	
11.837160	11.111000	
11.846720	11.201000	
11.855760	11.291000	
11.861130	11.379000	
11.875670	11.467000	
11.876620	11.554000	
11.886400	11.641000	
11.896730	11.727000	
11.901500	11.812000	
11.911000	11.897000	
11.921580	11.981000	
11.926460	12.064000	
11.935600	12.147000	
11.946110	12.230000	
11.955580	12.311000	
11.960480	12.393000	
11.970640	12.473000	
11.995160	1.000000	
12.076220	2.000000	
12.131340	3.000000	
12.186460	4.000000	
12.194780	5.000000	
12.203100	6.000000	
12.214060	6.167000	
12.244650	6.329000	
12.252970	6.487000	
12.264970	6.641000	
12.270450	6.792000	
12.289650	6.939000	
12.289960	7.083000	
12.300720	7.224000	
12.350050	7.363000	
12.350360	7.498000	
12.350660	7.632000	
12.350960	7.763000	
12.358080	7.892000	
12.412520	8.018000	
12.412820	8.143000	
12.413120	8.266000	
12.413490	8.387000	
12.421810	8.506000	
12.430130	8.624000	
12.441700	8.740000	
12.481650	8.854000	
12.481960	8.967000	
12.484280	9.078000	
12.492600	9.189000	
12.500920	9.297000	
12.510900	9.405000	
12.520200	9.511000	
12.529440	9.616000	
12.539020	9.720000	
12.554390	9.823000	
12.559560	9.925000	
12.568400	10.026000	
12.587140	10.126000	
12.587450	10.224000	
12.593000	10.322000	
12.600320	10.419000	
12.636100	10.515000	
12.636410	10.610000	
12.650230	10.704000	
12.650540	10.798000	
12.650840	10.890000	
12.651140	10.982000	
12.660700	11.073000	
12.666880	11.164000	
12.683420	11.253000	
12.684060	11.342000	
12.694300	11.430000	
12.738020	11.518000	
12.738330	11.605000	
12.738630	11.691000	
12.738940	11.776000	
12.739240	11.861000	
12.741760	11.945000	
12.756120	12.029000	
12.762620	12.112000	
12.771590	12.195000	
12.776490	12.277000	
12.807640	12.358000	
12.807940	12.439000	
12.808240	12.520000	
12.809780	12.599000	
12.900130	12.679000	
12.900440	12.758000	
12.900740	12.836000	
12.901040	12.914000	
12.901350	12.991000	
12.902030	13.068000	
12.902940	1.000000	
13.034750	2.000000	
13.092000	3.000000	
13.100290	4.000000	
13.151140	5.000000	
13.159460	6.000000	
13.168540	6.167000	
13.182360	6.329000	
13.208300	6.487000	
13.216620	6.641000	
13.225560	6.792000	
13.234540	6.939000	
13.256680	7.083000	
13.256980	7.224000	
13.307630	7.363000	
13.308560	7.498000	
13.316880	7.632000	
13.326980	7.763000	
13.333520	7.892000	
13.390980	8.018000	
13.398100	8.143000	
13.406420	8.266000	
13.439380	8.387000	
13.439680	8.506000	
13.439980	8.624000	
13.440290	8.740000	
13.448020	8.854000	
13.471660	8.967000	
13.473110	9.078000	
13.473420	9.189000	
13.522300	9.297000	
13.522600	9.405000	
13.522910	9.511000	
13.523210	9.616000	
13.538310	9.720000	
13.539740	9.823000	
13.551160	9.925000	
13.560060	10.026000	
13.565600	10.126000	
13.593520	10.224000	
13.593820	10.322000	
13.594120	10.419000	
13.603980	10.515000	
13.610700	10.610000	
13.649000	10.704000	
13.649300	10.798000	
13.649600	10.890000	
13.649910	10.982000	
13.652300	11.073000	
13.713640	11.164000	
13.713950	11.253000	
13.714250	11.342000	
13.714560	11.430000	
13.714860	11.518000	
13.715160	11.605000	
13.715470	11.691000	
13.725330	11.776000	
13.730040	11.861000	
13.739920	11.945000	
13.777220	12.029000	
13.777530	12.112000	
13.787140	12.195000	
13.803740	12.277000	
13.804120	12.358000	
13.808830	12.439000	
13.818000	12.520000	
13.825470	12.599000	
13.833970	12.679000	
13.842110	12.758000	
13.850540	12.836000	
13.905740	12.914000	
13.937340	12.991000	
13.937650	13.068000	
13.937950	13.145000	
13.942020	13.221000	
13.950340	13.297000	
13.962190	13.372000	
13.966980	13.447000	
13.978720	13.521000	
13.987960	13.595000	
13.993380	13.669000	
14.037500	1.000000	
14.108660	2.000000	
14.163780	3.000000	
14.218900	4.000000	
14.227220	5.000000	
14.235540	6.000000	
14.243860	6.167000	
14.274020	6.329000	
14.282340	6.487000	
14.290660	6.641000	
14.298980	6.792000	
14.307300	6.939000	
14.315620	7.083000	
14.331820	7.224000	
14.344540	7.363000	
14.345780	7.498000	
14.356350	7.632000	
14.362420	7.763000	
14.373340	7.892000	
14.380880	8.018000	
14.387380	8.143000	
14.399660	8.266000	
14.414010	8.387000	
14.416300	8.506000	
14.424620	8.624000	
14.432940	8.740000	
14.442800	8.854000	
14.449580	8.967000	
14.457900	9.078000	
14.467330	9.189000	
14.474540	9.297000	
14.486700	9.405000	
14.491860	9.511000	
14.499500	9.616000	
14.511220	9.720000	
14.516380	9.823000	
14.524460	9.925000	
14.535750	10.026000	
14.541100	10.126000	
14.549420	10.224000	
14.569210	10.322000	
14.569510	10.419000	
14.574380	10.515000	
14.582700	10.610000	
14.594130	10.704000	
14.604140	10.798000	
14.609430	10.890000	
14.618660	10.982000	
14.624300	11.073000	
14.633960	11.164000	
14.643180	11.253000	
14.653100	11.342000	
14.658490	11.430000	
14.667710	11.518000	
14.677620	11.605000	
14.683020	11.691000	
14.692240	11.776000	
14.702150	11.861000	
14.707540	11.945000	
14.716770	12.029000	
14.741360	1.000000	
14.823980	2.000000	
14.879100	3.000000	
14.934220	4.000000	
14.942540	5.000000	
14.950860	6.000000	
14.959180	6.167000	
14.989340	6.329000	
14.997660	6.487000	
15.005980	6.641000	
15.014300	6.792000	
15.022620	6.939000	
15.030940	7.083000	
15.044460	7.224000	
15.052780	7.363000	
15.252780	1.000000	
