0.000000	1.000000	
2.020640	2.000000	
2.049280	3.000000	
2.057600	4.000000	
2.077920	5.000000	
2.086240	6.000000	
2.094560	7.000000	
2.102880	8.000000	
2.111200	9.000000	
2.119520	10.000000	
2.127840	11.000000	
2.136160	12.000000	
2.144480	13.000000	
2.152800	14.000000	
2.161120	15.000000	
2.186080	1.000000	
2.244320	2.000000	
2.272960	3.000000	
2.301600	4.000000	
2.318240	5.000000	
2.334880	6.000000	
2.351520	7.000000	
2.368160	7.143000	
2.384800	7.283000	
2.409760	7.420000	
2.434720	1.000000	
2.476320	2.000000	
2.504960	3.000000	
2.533600	3.333000	
2.541920	3.633000	
2.550240	3.909000	
2.558560	4.164000	
2.570560	4.405000	
2.578880	4.632000	
2.587200	4.847000	
2.595520	5.054000	
2.603840	5.252000	
2.612160	5.442000	
2.620480	5.626000	
2.628800	5.804000	
2.637120	5.976000	
2.645440	6.143000	
2.653760	6.306000	
2.662080	6.465000	
2.670400	6.619000	
2.678720	6.770000	
2.687040	6.918000	
2.695360	7.063000	
2.703680	7.204000	
2.712000	7.343000	
2.720320	7.479000	
2.728640	7.613000	
2.736960	7.744000	
2.745280	7.873000	
2.753600	8.000000	
2.761920	8.125000	
2.770240	8.248000	
2.778560	8.370000	
2.786880	8.489000	
2.795200	8.607000	
2.803520	8.723000	
2.811840	8.838000	
2.836800	1.000000	
2.895040	2.000000	
2.923680	3.000000	
2.932000	4.000000	
2.952320	4.250000	
2.960640	4.485000	
2.968960	4.708000	
2.977280	4.921000	
2.985600	5.124000	
2.993920	5.319000	
3.002240	5.507000	
3.010560	5.689000	
3.018880	5.864000	
3.027200	6.035000	
3.035520	6.201000	
3.043840	6.362000	
3.052160	6.519000	
3.060480	6.672000	
3.068800	6.822000	
3.077120	6.969000	
3.085440	7.112000	
3.093760	7.253000	
3.102080	7.391000	
3.110400	7.526000	
3.118720	7.659000	
3.127040	7.790000	
3.135360	7.918000	
3.143680	8.044000	
3.152000	8.169000	
3.160320	8.291000	
3.168640	8.412000	
3.176960	8.531000	
3.185280	8.648000	
3.193600	8.763000	
3.201920	8.878000	
3.226880	1.000000	
3.285120	2.000000	
3.313760	3.000000	
3.322080	4.000000	
3.342400	4.250000	
3.350720	4.485000	
3.359040	4.708000	
3.367360	4.921000	
3.375680	5.124000	
3.384000	5.319000	
3.392320	5.507000	
3.400640	5.689000	
3.408960	5.864000	
3.417280	6.035000	
3.425600	6.201000	
3.433920	6.362000	
3.442240	6.519000	
3.450560	6.672000	
3.458880	6.822000	
3.467200	6.969000	
3.475520	7.112000	
3.483840	7.253000	
3.492160	7.391000	
3.500480	7.526000	
3.508800	7.659000	
3.517120	7.790000	
3.525440	7.918000	
3.533760	8.044000	
3.542080	8.169000	
3.550400	8.291000	
3.558720	8.412000	
3.567040	8.531000	
3.575360	8.648000	
3.583680	8.763000	
3.592000	8.878000	
3.616960	1.000000	
3.675200	2.000000	
3.703840	3.000000	
3.712160	4.000000	
3.732480	4.250000	
3.740800	4.485000	
3.749120	4.708000	
3.757440	4.921000	
3.765760	5.124000	
3.774080	5.319000	
3.782400	5.507000	
3.790720	5.689000	
3.799040	5.864000	
3.807360	6.035000	
3.815680	6.201000	
3.824000	6.362000	
3.832320	6.519000	
3.840640	6.672000	
3.848960	6.822000	
3.857280	6.969000	
3.865600	7.112000	
3.873920	7.253000	
3.882240	7.391000	
3.890560	7.526000	
3.898880	7.659000	
3.907200	7.790000	
3.915520	7.918000	
3.923840	8.044000	
3.932160	8.169000	
3.940480	8.291000	
3.948800	8.412000	
3.957120	8.531000	
3.965440	8.648000	
3.973760	8.763000	
3.982080	8.878000	
4.007040	1.000000	
4.065280	2.000000	
4.093920	3.000000	
4.102240	4.000000	
4.122560	4.250000	
4.130880	4.485000	
4.139200	4.708000	
4.147520	4.921000	
4.155840	5.124000	
4.164160	5.319000	
4.172480	5.507000	
4.180800	5.689000	
4.189120	5.864000	
4.197440	6.035000	
4.205760	6.201000	
4.214080	6.362000	
4.222400	6.519000	
4.230720	6.672000	
4.239040	6.822000	
4.247360	6.969000	
4.255680	7.112000	
4.264000	7.253000	
4.272320	7.391000	
4.280640	7.526000	
4.288960	7.659000	
4.297280	7.790000	
4.305600	7.918000	
4.313920	8.044000	
4.322240	8.169000	
4.330560	8.291000	
4.338880	8.412000	
4.347200	8.531000	
4.355520	8.648000	
4.363840	8.763000	
4.372160	8.878000	
4.397120	1.000000	
4.455360	2.000000	
4.484000	3.000000	
4.492320	4.000000	
4.512640	4.250000	
4.520960	4.485000	
4.529280	4.708000	
4.537600	4.921000	
4.545920	5.124000	
4.554240	5.319000	
4.562560	5.507000	
4.570880	5.689000	
4.579200	5.864000	
4.587520	6.035000	
4.595840	6.201000	
4.604160	6.362000	
4.612480	6.519000	
4.620800	6.672000	
4.629120	6.822000	
4.637440	6.969000	
4.645760	7.112000	
4.654080	7.253000	
4.662400	7.391000	
4.670720	7.526000	
4.679040	7.659000	
4.687360	7.790000	
4.695680	7.918000	
4.704000	8.044000	
4.712320	8.169000	
4.720640	8.291000	
4.728960	8.412000	
4.737280	8.531000	
4.745600	8.648000	
4.753920	8.763000	
4.762240	8.878000	
4.787200	1.000000	
4.845440	2.000000	
4.874080	3.000000	
4.882400	4.000000	
4.902720	4.250000	
4.911040	4.485000	
4.919360	4.708000	
4.927680	4.921000	
4.936000	5.124000	
4.944320	5.319000	
4.952640	5.507000	
4.960960	5.689000	
4.969280	5.864000	
4.977600	6.035000	
4.985920	6.201000	
4.994240	6.362000	
5.002560	6.519000	
5.010880	6.672000	
5.019200	6.822000	
5.027520	6.969000	
5.035840	7.112000	
5.044160	7.253000	
5.052480	7.391000	
5.060800	7.526000	
5.069120	7.659000	
5.077440	7.790000	
5.085760	7.918000	
5.094080	8.044000	
5.102400	8.169000	
5.110720	8.291000	
5.119040	8.412000	
5.127360	8.531000	
5.135680	8.648000	
5.144000	8.763000	
5.152320	8.878000	
5.177280	1.000000	
5.235520	2.000000	
5.264160	3.000000	
5.272480	4.000000	
5.292800	4.250000	
5.301120	4.485000	
5.309440	4.708000	
5.317760	4.921000	
5.326080	5.124000	
5.334400	5.319000	
5.342720	5.507000	
5.351040	5.689000	
5.359360	5.864000	
5.367680	6.035000	
5.376000	6.201000	
5.384320	6.362000	
5.392640	6.519000	
5.400960	6.672000	
5.409280	6.822000	
5.417600	6.969000	
5.425920	7.112000	
5.434240	7.253000	
5.442560	7.391000	
5.450880	7.526000	
5.459200	7.659000	
5.467520	7.790000	
5.475840	7.918000	
5.484160	8.044000	
5.492480	8.169000	
5.500800	8.291000	
5.509120	8.412000	
5.517440	8.531000	
5.525760	8.648000	
5.534080	8.763000	
5.542400	8.878000	
5.567360	1.000000	
5.625600	2.000000	
5.654240	3.000000	
5.662560	4.000000	
5.682880	4.250000	
5.691200	4.485000	
5.699520	4.708000	
5.707840	4.921000	
5.716160	5.124000	
5.724480	5.319000	
5.732800	5.507000	
5.741120	5.689000	
5.749440	5.864000	
5.757760	6.035000	
5.766080	6.201000	
5.774400	6.362000	
5.782720	6.519000	
5.791040	6.672000	
5.799360	6.822000	
5.807680	6.969000	
5.816000	7.112000	
5.824320	7.253000	
5.832640	7.391000	
5.840960	7.526000	
5.849280	7.659000	
5.857600	7.790000	
5.865920	7.918000	
5.874240	8.044000	
5.882560	8.169000	
5.890880	8.291000	
5.899200	8.412000	
5.907520	8.531000	
5.915840	8.648000	
5.924160	8.763000	
5.932480	8.878000	
5.957440	1.000000	
6.015680	2.000000	
6.044320	3.000000	
6.052640	4.000000	
6.072960	4.250000	
6.081280	4.485000	
6.089600	4.708000	
6.097920	4.921000	
6.106240	5.124000	
6.114560	5.319000	
6.122880	5.507000	
6.131200	5.689000	
6.139520	5.864000	
6.147840	6.035000	
6.156160	6.201000	
6.164480	6.362000	
6.172800	6.519000	
6.181120	6.672000	
6.189440	6.822000	
6.197760	6.969000	
6.206080	7.112000	
6.214400	7.253000	
6.222720	7.391000	
6.231040	7.526000	
6.239360	7.659000	
6.247680	7.790000	
6.256000	7.918000	
6.264320	8.044000	
6.272640	8.169000	
6.280960	8.291000	
6.289280	8.412000	
6.297600	8.531000	
6.305920	8.648000	
6.314240	8.763000	
6.322560	8.878000	
6.347520	1.000000	
6.405760	2.000000	
6.434400	3.000000	
6.442720	4.000000	
6.463040	4.250000	
6.471360	4.485000	
6.479680	4.708000	
6.488000	4.921000	
6.496320	5.124000	
6.504640	5.319000	
6.512960	5.507000	
6.521280	5.689000	
6.529600	5.864000	
6.537920	6.035000	
6.546240	6.201000	
6.554560	6.362000	
6.562880	6.519000	
6.571200	6.672000	
6.579520	6.822000	
6.587840	6.969000	
6.596160	7.112000	
6.604480	7.253000	
6.612800	7.391000	
6.621120	7.526000	
6.629440	7.659000	
6.637760	7.790000	
6.646080	7.918000	
6.654400	8.044000	
6.662720	8.169000	
6.671040	8.291000	
6.679360	8.412000	
6.687680	8.531000	
6.696000	8.648000	
6.704320	8.763000	
6.712640	8.878000	
6.737600	1.000000	
6.795840	2.000000	
6.824480	3.000000	
6.832800	4.000000	
6.853120	4.250000	
6.861440	4.485000	
6.869760	4.708000	
6.878080	4.921000	
6.886400	5.124000	
6.894720	5.319000	
6.903040	5.507000	
6.911360	5.689000	
6.919680	5.864000	
6.928000	6.035000	
6.936320	6.201000	
6.944640	6.362000	
6.952960	6.519000	
6.961280	6.672000	
6.969600	6.822000	
6.977920	6.969000	
6.986240	7.112000	
6.994560	7.253000	
7.002880	7.391000	
7.011200	7.526000	
7.019520	7.659000	
7.027840	7.790000	
7.036160	7.918000	
7.044480	8.044000	
7.052800	8.169000	
7.061120	8.291000	
7.069440	8.412000	
7.077760	8.531000	
7.086080	8.648000	
7.094400	8.763000	
7.102720	8.878000	
7.127680	1.000000	
7.185920	2.000000	
7.214560	3.000000	
7.222880	4.000000	
7.243200	4.250000	
7.251520	4.485000	
7.259840	4.708000	
7.268160	4.921000	
7.276480	5.124000	
7.284800	5.319000	
7.293120	5.507000	
7.301440	5.689000	
7.309760	5.864000	
7.318080	6.035000	
7.326400	6.201000	
7.334720	6.362000	
7.343040	6.519000	
7.351360	6.672000	
7.359680	6.822000	
7.368000	6.969000	
7.376320	7.112000	
7.384640	7.253000	
7.392960	7.391000	
7.401280	7.526000	
7.409600	7.659000	
7.417920	7.790000	
7.426240	7.918000	
7.434560	8.044000	
7.442880	8.169000	
7.451200	8.291000	
7.459520	8.412000	
7.467840	8.531000	
7.476160	8.648000	
7.484480	8.763000	
7.492800	8.878000	
7.517760	1.000000	
7.576000	2.000000	
7.604640	3.000000	
7.612960	4.000000	
7.633280	4.250000	
7.641600	4.485000	
7.649920	4.708000	
7.658240	4.921000	
7.666560	5.124000	
7.674880	5.319000	
7.683200	5.507000	
7.691520	5.689000	
7.699840	5.864000	
7.708160	6.035000	
7.716480	6.201000	
7.724800	6.362000	
7.733120	6.519000	
7.741440	6.672000	
7.749760	6.822000	
7.758080	6.969000	
7.766400	7.112000	
7.774720	7.253000	
7.783040	7.391000	
7.791360	7.526000	
7.799680	7.659000	
7.808000	7.790000	
7.816320	7.918000	
7.824640	8.044000	
7.832960	8.169000	
7.841280	8.291000	
7.849600	8.412000	
7.857920	8.531000	
7.866240	8.648000	
7.874560	8.763000	
7.882880	8.878000	
7.907840	1.000000	
7.966080	2.000000	
7.994720	3.000000	
8.003040	4.000000	
8.023360	4.250000	
8.031680	4.485000	
8.040000	4.708000	
8.048320	4.921000	
8.056640	5.124000	
8.064960	5.319000	
8.073280	5.507000	
8.081600	5.689000	
8.089920	5.864000	
8.098240	6.035000	
8.106560	6.201000	
8.114880	6.362000	
8.123200	6.519000	
8.131520	6.672000	
8.139840	6.822000	
8.148160	6.969000	
8.156480	7.112000	
8.164800	7.253000	
8.173120	7.391000	
8.181440	7.526000	
8.189760	7.659000	
8.198080	7.790000	
8.206400	7.918000	
8.214720	8.044000	
8.223040	8.169000	
8.231360	8.291000	
8.239680	8.412000	
8.248000	8.531000	
8.256320	8.648000	
8.264640	8.763000	
8.272960	8.878000	
8.297920	1.000000	
8.356160	2.000000	
8.384800	3.000000	
8.393120	4.000000	
8.413440	4.250000	
8.421760	4.485000	
8.430080	4.708000	
8.438400	4.921000	
8.446720	5.124000	
8.455040	5.319000	
8.463360	5.507000	
8.471680	5.689000	
8.480000	5.864000	
8.488320	6.035000	
8.496640	6.201000	
8.504960	6.362000	
8.513280	6.519000	
8.521600	6.672000	
8.529920	6.822000	
8.538240	6.969000	
8.546560	7.112000	
8.554880	7.253000	
8.563200	7.391000	
8.571520	7.526000	
8.579840	7.659000	
8.588160	7.790000	
8.596480	7.918000	
8.604800	8.044000	
8.613120	8.169000	
8.621440	8.291000	
8.629760	8.412000	
8.638080	8.531000	
8.646400	8.648000	
8.654720	8.763000	
8.663040	8.878000	
8.688000	1.000000	
8.746240	2.000000	
8.774880	3.000000	
8.783200	4.000000	
8.803520	4.250000	
8.811840	4.485000	
8.820160	4.708000	
8.828480	4.921000	
8.836800	5.124000	
8.845120	5.319000	
8.853440	5.507000	
8.861760	5.689000	
8.870080	5.864000	
8.878400	6.035000	
8.886720	6.201000	
8.895040	6.362000	
8.903360	6.519000	
8.911680	6.672000	
8.920000	6.822000	
8.928320	6.969000	
8.936640	7.112000	
8.944960	7.253000	
8.953280	7.391000	
8.961600	7.526000	
8.969920	7.659000	
8.978240	7.790000	
8.986560	7.918000	
8.994880	8.044000	
9.003200	8.169000	
9.011520	8.291000	
9.019840	8.412000	
9.028160	8.531000	
9.036480	8.648000	
9.044800	8.763000	
9.053120	8.878000	
9.078080	1.000000	
9.136320	2.000000	
9.164960	3.000000	
9.173280	4.000000	
9.193600	4.250000	
9.201920	4.485000	
9.210240	4.708000	
9.218560	4.921000	
9.226880	5.124000	
9.235200	5.319000	
9.243520	5.507000	
9.251840	5.689000	
9.260160	5.864000	
9.268480	6.035000	
9.276800	6.201000	
9.285120	6.362000	
9.293440	6.519000	
9.301760	6.672000	
9.310080	6.822000	
9.318400	6.969000	
9.326720	7.112000	
9.335040	7.253000	
9.343360	7.391000	
9.351680	7.526000	
9.360000	7.659000	
9.368320	7.790000	
9.376640	7.918000	
9.384960	8.044000	
9.393280	8.169000	
9.401600	8.291000	
9.409920	8.412000	
9.418240	8.531000	
9.426560	8.648000	
9.434880	8.763000	
9.443200	8.878000	
9.468160	1.000000	
9.526400	2.000000	
9.555040	3.000000	
9.563360	4.000000	
9.583680	4.250000	
9.592000	4.485000	
9.600320	4.708000	
9.608640	4.921000	
9.616960	5.124000	
9.625280	5.319000	
9.633600	5.507000	
9.641920	5.689000	
9.650240	5.864000	
9.658560	6.035000	
9.666880	6.201000	
9.675200	6.362000	
9.683520	6.519000	
9.691840	6.672000	
9.700160	6.822000	
9.708480	6.969000	
9.716800	7.112000	
9.725120	7.253000	
9.733440	7.391000	
9.741760	7.526000	
9.750080	7.659000	
9.758400	7.790000	
9.766720	7.918000	
9.775040	8.044000	
9.783360	8.169000	
9.791680	8.291000	
9.800000	8.412000	
9.808320	8.531000	
9.816640	8.648000	
9.824960	8.763000	
9.833280	8.878000	
9.858240	1.000000	
9.916480	2.000000	
9.945120	3.000000	
9.953440	4.000000	
9.973760	4.250000	
9.982080	4.485000	
9.990400	4.708000	
9.998720	4.921000	
10.007040	5.124000	
10.015360	5.319000	
10.023680	5.507000	
10.032000	5.689000	
10.040320	5.864000	
10.048640	6.035000	
10.056960	6.201000	
10.065280	6.362000	
10.073600	6.519000	
10.081920	6.672000	
10.090240	6.822000	
10.098560	6.969000	
10.106880	7.112000	
10.115200	7.253000	
10.123520	7.391000	
10.131840	7.526000	
10.140160	7.659000	
10.148480	7.790000	
10.156800	7.918000	
10.165120	8.044000	
10.173440	8.169000	
10.181760	8.291000	
10.190080	8.412000	
10.198400	8.531000	
10.206720	8.648000	
10.215040	8.763000	
10.223360	8.878000	
10.248320	1.000000	
10.306560	2.000000	
10.335200	3.000000	
10.343520	4.000000	
10.363840	4.250000	
10.372160	4.485000	
10.380480	4.708000	
10.388800	4.921000	
10.397120	5.124000	
10.405440	5.319000	
10.413760	5.507000	
10.422080	5.689000	
10.430400	5.864000	
10.438720	6.035000	
10.447040	6.201000	
10.455360	6.362000	
10.463680	6.519000	
10.472000	6.672000	
10.480320	6.822000	
10.488640	6.969000	
10.496960	7.112000	
10.505280	7.253000	
10.513600	7.391000	
10.521920	7.526000	
10.530240	7.659000	
10.538560	7.790000	
10.546880	7.918000	
10.555200	8.044000	
10.563520	8.169000	
10.571840	8.291000	
10.580160	8.412000	
10.588480	8.531000	
10.596800	8.648000	
10.605120	8.763000	
10.613440	8.878000	
10.638400	1.000000	
10.696640	2.000000	
10.725280	3.000000	
10.733600	4.000000	
10.753920	4.250000	
10.762240	4.485000	
10.770560	4.708000	
10.778880	4.921000	
10.787200	5.124000	
10.795520	5.319000	
10.803840	5.507000	
10.812160	5.689000	
10.820480	5.864000	
10.828800	6.035000	
10.837120	6.201000	
10.845440	6.362000	
10.853760	6.519000	
10.862080	6.672000	
10.870400	6.822000	
10.878720	6.969000	
10.887040	7.112000	
10.895360	7.253000	
10.903680	7.391000	
10.912000	7.526000	
10.920320	7.659000	
10.928640	7.790000	
10.936960	7.918000	
10.945280	8.044000	
10.953600	8.169000	
10.961920	8.291000	
10.970240	8.412000	
10.978560	8.531000	
10.986880	8.648000	
10.995200	8.763000	
11.003520	8.878000	
11.028480	1.000000	
11.086720	2.000000	
11.115360	3.000000	
11.123680	4.000000	
11.144000	4.250000	
11.152320	4.485000	
11.160640	4.708000	
11.168960	4.921000	
11.177280	5.124000	
11.185600	5.319000	
11.193920	5.507000	
11.202240	5.689000	
11.210560	5.864000	
11.218880	6.035000	
11.227200	6.201000	
11.235520	6.362000	
11.243840	6.519000	
11.252160	6.672000	
11.260480	6.822000	
11.268800	6.969000	
11.277120	7.112000	
11.285440	7.253000	
11.293760	7.391000	
11.302080	7.526000	
11.310400	7.659000	
11.318720	7.790000	
11.327040	7.918000	
11.335360	8.044000	
11.343680	8.169000	
11.352000	8.291000	
11.360320	8.412000	
11.368640	8.531000	
11.376960	8.648000	
11.385280	8.763000	
11.393600	8.878000	
11.418560	1.000000	
11.476800	2.000000	
11.505440	3.000000	
11.513760	4.000000	
11.534080	4.250000	
11.542400	4.485000	
11.550720	4.708000	
11.559040	4.921000	
11.567360	5.124000	
11.575680	5.319000	
11.584000	5.507000	
11.592320	5.689000	
11.600640	5.864000	
11.608960	6.035000	
11.617280	6.201000	
11.625600	6.362000	
11.633920	6.519000	
11.642240	6.672000	
11.650560	6.822000	
11.658880	6.969000	
11.667200	7.112000	
11.675520	7.253000	
11.683840	7.391000	
11.692160	7.526000	
11.700480	7.659000	
11.708800	7.790000	
11.717120	7.918000	
11.725440	8.044000	
11.733760	8.169000	
11.742080	8.291000	
11.750400	8.412000	
11.758720	8.531000	
11.767040	8.648000	
11.775360	8.763000	
11.783680	8.878000	
11.808640	1.000000	
11.866880	2.000000	
11.895520	3.000000	
11.903840	4.000000	
11.924160	4.250000	
11.932480	4.485000	
11.940800	4.708000	
11.949120	4.921000	
11.957440	5.124000	
11.965760	5.319000	
11.974080	5.507000	
11.982400	5.689000	
11.990720	5.864000	
11.999040	6.035000	
12.007360	6.201000	
12.015680	6.362000	
12.024000	6.519000	
12.032320	6.672000	
12.040640	6.822000	
12.048960	6.969000	
12.057280	7.112000	
12.065600	7.253000	
12.073920	7.391000	
12.082240	7.526000	
12.090560	7.659000	
12.098880	7.790000	
12.107200	7.918000	
12.115520	8.044000	
12.123840	8.169000	
12.132160	8.291000	
12.140480	8.412000	
12.148800	8.531000	
12.157120	8.648000	
12.165440	8.763000	
12.173760	8.878000	
12.198720	1.000000	
12.256960	2.000000	
12.285600	3.000000	
12.293920	4.000000	
12.314240	4.250000	
12.322560	4.485000	
12.330880	4.708000	
12.339200	4.921000	
12.347520	5.124000	
12.355840	5.319000	
12.364160	5.507000	
12.372480	5.689000	
12.380800	5.864000	
12.389120	6.035000	
12.397440	6.201000	
12.405760	6.362000	
12.414080	6.519000	
12.422400	6.672000	
12.430720	6.822000	
12.439040	6.969000	
12.447360	7.112000	
12.455680	7.253000	
12.464000	7.391000	
12.472320	7.526000	
12.480640	7.659000	
12.488960	7.790000	
12.497280	7.918000	
12.505600	8.044000	
12.513920	8.169000	
12.522240	8.291000	
12.530560	8.412000	
12.538880	8.531000	
12.547200	8.648000	
12.555520	8.763000	
12.563840	8.878000	
12.588800	1.000000	
12.647040	2.000000	
12.675680	3.000000	
12.684000	4.000000	
12.704320	4.250000	
12.712640	4.485000	
12.720960	4.708000	
12.729280	4.921000	
12.737600	5.124000	
12.745920	5.319000	
12.754240	5.507000	
12.762560	5.689000	
12.770880	5.864000	
12.779200	6.035000	
12.787520	6.201000	
12.795840	6.362000	
12.804160	6.519000	
12.812480	6.672000	
12.820800	6.822000	
12.829120	6.969000	
12.837440	7.112000	
12.845760	7.253000	
12.854080	7.391000	
12.862400	7.526000	
12.870720	7.659000	
12.879040	7.790000	
12.887360	7.918000	
12.895680	8.044000	
12.904000	8.169000	
12.912320	8.291000	
12.920640	8.412000	
12.928960	8.531000	
12.937280	8.648000	
12.945600	8.763000	
12.953920	8.878000	
12.978880	1.000000	
13.037120	2.000000	
13.065760	3.000000	
13.074080	4.000000	
13.094400	4.250000	
13.102720	4.485000	
13.111040	4.708000	
13.119360	4.921000	
13.127680	5.124000	
13.136000	5.319000	
13.144320	5.507000	
13.152640	5.689000	
13.160960	5.864000	
13.169280	6.035000	
13.177600	6.201000	
13.185920	6.362000	
13.194240	6.519000	
13.202560	6.672000	
13.210880	6.822000	
13.219200	6.969000	
13.227520	7.112000	
13.235840	7.253000	
13.244160	7.391000	
13.252480	7.526000	
13.260800	7.659000	
13.269120	7.790000	
13.277440	7.918000	
13.285760	8.044000	
13.294080	8.169000	
13.302400	8.291000	
13.310720	8.412000	
13.319040	8.531000	
13.327360	8.648000	
13.335680	8.763000	
13.344000	8.878000	
13.368960	1.000000	
13.427200	2.000000	
13.455840	3.000000	
13.464160	4.000000	
13.484480	4.250000	
13.492800	4.485000	
13.501120	4.708000	
13.509440	4.921000	
13.517760	5.124000	
13.526080	5.319000	
13.534400	5.507000	
13.542720	5.689000	
13.551040	5.864000	
13.559360	6.035000	
13.567680	6.201000	
13.576000	6.362000	
13.584320	6.519000	
13.592640	6.672000	
13.600960	6.822000	
13.609280	6.969000	
13.617600	7.112000	
13.625920	7.253000	
13.634240	7.391000	
13.642560	7.526000	
13.650880	7.659000	
13.659200	7.790000	
13.667520	7.918000	
13.675840	8.044000	
13.684160	8.169000	
13.692480	8.291000	
13.700800	8.412000	
13.709120	8.531000	
13.717440	8.648000	
13.725760	8.763000	
13.734080	8.878000	
13.759040	1.000000	
13.817280	2.000000	
13.845920	3.000000	
13.854240	4.000000	
13.874560	4.250000	
13.882880	4.485000	
13.891200	4.708000	
13.899520	4.921000	
13.907840	5.124000	
13.916160	5.319000	
13.924480	5.507000	
13.932800	5.689000	
13.941120	5.864000	
13.949440	6.035000	
13.957760	6.201000	
13.966080	6.362000	
13.974400	6.519000	
13.982720	6.672000	
13.991040	6.822000	
13.999360	6.969000	
14.007680	7.112000	
14.016000	7.253000	
14.024320	7.391000	
14.032640	7.526000	
14.040960	7.659000	
14.049280	7.790000	
14.057600	7.918000	
14.065920	8.044000	
14.074240	8.169000	
14.082560	8.291000	
14.090880	8.412000	
14.099200	8.531000	
14.107520	8.648000	
14.115840	8.763000	
14.124160	8.878000	
14.149120	1.000000	
14.207360	2.000000	
14.236000	3.000000	
14.244320	4.000000	
14.264640	4.250000	
14.272960	4.485000	
14.281280	4.708000	
